times_mip_split_3_3 = [798.470970942, 526.007697297, 256.752528307, 229.069218937, 206.640334082, 939.204364975, 302.790572488, 195.287504576, 162.879377271, 141.934166274, 509.622449189, 308.105146508, 190.801595331, 141.938933673, 163.129981026, 332.350366344, 207.2985016, 158.20128377, 135.224653113, 256.242198611, 222.963490903, 136.972442338, 193.907833861, 224.367100563, 463.566445113]
times_mip_split_5_5 = [135.249372387, 107.374931139, 82.245079048, 72.861199236, 70.036507782, 123.648988565, 88.774243308, 72.618916201, 74.573160468, 70.817541881, 95.571464408, 81.627417117, 80.781396808, 69.308175675, 80.004915576, 86.494225262, 81.327413531, 67.955047233, 69.11790695, 90.434313351, 78.610024359, 72.22061704, 72.133464086, 82.966582831, 115.360731967]
times_mip_split_10_10 = [156.145178873, 121.498487159, 113.359042887, 116.992836025, 116.316899315, 125.007673178, 109.712350592, 113.640591516, 107.095715871, 112.918377614, 105.367964232, 105.520660105, 109.052342469, 105.958499133, 118.609907286, 100.483343346, 105.505443112, 95.096487374, 107.865746362, 133.267553572, 103.368431784, 87.165161285, 105.999078447, 118.140517083, 134.540574088]
times_mip_split_15_15 = [221.851870572, 187.989834892, 177.05922109, 169.50455452, 176.302302156, 193.624677551, 176.475205494, 173.450331409, 167.443706481, 183.728055419, 169.425244745, 165.954219534, 172.080455096, 168.719761801, 179.422574582, 160.732694376, 167.027172307, 154.387275865, 168.963322059, 192.859416509, 151.550879317, 153.377922258, 163.840984914, 176.621483174, 219.288424938]
times_priority_1 = [3.203204114, 0.649966565, 0.474015179, 0.688409603, 1.488491463, 0.692203344, 0.546425648, 0.589200656, 1.100177112, 1.168311155, 0.516507816, 0.48416231, 0.784629328, 1.106548438, 0.405840793, 0.661437308, 0.695091348, 0.846996754, 0.463737968, 0.304032327, 0.759341669, 0.322751448, 0.400036124, 0.469900675, 0.497208304]
times_priority_2 = [2.948845252, 0.607029506, 0.421841309, 0.572864537, 1.448213951, 0.731838088, 0.460090115, 0.534096208, 1.044923799, 1.028977149, 0.538812104, 0.547447495, 0.744952769, 0.980890355, 0.298198064, 0.556100842, 0.684819154, 0.764807218, 0.399712688, 0.434834019, 0.688522098, 0.34061011, 0.375853017, 0.329697596, 0.368668937]
times_priority_3 = [3.049779882, 0.683977049, 0.388222551, 0.61112635, 1.514963741, 0.665468469, 0.44578179, 0.567258319, 0.937860542, 1.136919237, 0.5306652, 0.568649251, 0.768364827, 0.94605155, 0.316154704, 0.555352478, 0.724037542, 0.819235407, 0.422873347, 0.37574841, 0.607185209, 0.341343975, 0.404090192, 0.343365397, 0.376754132]
times_priority_4 = [3.11160832, 0.600992428, 0.355711387, 0.700581915, 1.550880861, 0.682309391, 0.430366687, 0.545590184, 1.034927625, 1.028254251, 0.482859755, 0.614607436, 0.682959699, 0.977084322, 0.292357232, 0.62918284, 0.674956165, 0.67401079, 0.416256092, 0.373086343, 0.620905168, 0.326734398, 0.401222618, 0.34349202, 0.418797869]
