times_mip_split_3_3 = [3.575364163]
times_mip_split_5_5 = [8.304983975]
times_mip_split_10_10 = [31.859959114]
times_mip_split_15_15 = [72.169543843]
times_priority_1 = [0.033174407]
times_priority_2 = [0.018730473]
times_priority_3 = [0.026779854]
times_priority_4 = [0.032064011]
times_mip_split_3_3 = [414.86143996, 293.043352127, 121.747803699, 129.013502655, 97.574288944, 443.289666484, 142.972686441, 104.780167241, 77.698935883, 76.721156564, 252.374892115, 143.102499729, 89.478200481, 66.446607357, 81.099867216, 162.567402363, 101.009219821, 75.231310787, 71.695236982, 130.56116281, 113.604948626, 69.860051579, 97.831000185, 108.737750748, 262.912718467]
times_mip_split_5_5 = [73.582287745, 60.000399709, 46.274546671, 40.155416551, 38.832221954, 67.283557647, 47.956369731, 39.826449629, 40.502499233, 38.635767374, 52.423732451, 45.975526513, 44.613528774, 39.101085288, 44.82493676, 48.442636846, 44.690629772, 37.95980869, 38.30769081, 51.366715529, 42.966664031, 39.610009168, 39.497222914, 45.926204018, 62.727687358]
times_mip_split_10_10 = [89.677350723, 69.04024096, 64.037685997, 65.884255792, 65.771979189, 75.837142437, 61.94291364, 64.116790559, 61.812720035, 64.207991514, 60.225261442, 59.784333407, 61.705100341, 60.717298073, 67.411574102, 57.359281077, 59.45242326, 53.260545142, 61.520717109, 75.270613575, 58.187200612, 50.62139429, 59.958311754, 65.929942945, 76.449319523]
times_mip_split_15_15 = [129.167070754, 107.157979139, 101.747380916, 96.693421398, 99.948609986, 109.047006378, 99.602674733, 97.382812143, 94.992275288, 105.451339817, 96.511431805, 93.50827042, 98.032321203, 97.235360492, 103.104591693, 90.406294307, 93.900571471, 86.188047072, 92.154820884, 106.085337384, 83.684074373, 84.512121656, 89.114532568, 97.442284627, 119.57891768]
times_priority_1 = [2.140603268, 0.849321486, 0.653985408, 0.372006303, 1.249502746, 0.817677194, 0.241202144, 0.327631864, 1.085928162, 1.042956933, 0.275457056, 0.344417133, 0.786112094, 1.044388912, 0.204649461, 0.401989996, 0.442276965, 0.79027211, 0.227259653, 0.233405073, 0.40790308, 0.218148553, 0.2558523, 0.237518689, 1.117833082]
times_priority_2 = [2.307458044, 0.397678949, 0.241382896, 0.803704803, 1.39459895, 0.537912432, 0.280577876, 0.677787213, 0.833844113, 0.811495788, 0.74350766, 0.466715294, 0.525263699, 0.985206049, 0.216863419, 0.400581899, 0.738014456, 0.519371123, 0.231879186, 0.259478175, 0.440080322, 0.240049881, 0.272108801, 0.453243666, 0.273895909]
times_priority_3 = [2.595838277, 0.386877429, 0.269765776, 0.416885807, 1.277292834, 0.531285232, 0.455382608, 0.699894666, 0.673364344, 0.736986817, 0.529327462, 0.368455438, 0.479544822, 0.710471703, 0.213713586, 0.631881067, 0.430928784, 0.511338462, 0.254856968, 0.234369715, 0.673529029, 0.228046488, 0.271034644, 0.255777976, 0.28726409]
times_priority_4 = [2.48502559, 0.416737755, 0.269168263, 0.431983334, 1.089115684, 0.694571385, 0.259351145, 0.367280586, 0.659050334, 0.749872014, 0.312328492, 0.413722158, 0.493606249, 0.858839697, 0.424905426, 0.608251257, 0.700659105, 0.448464808, 0.220120168, 0.195455234, 0.440116392, 0.21509669, 0.261024003, 0.226443778, 0.265990181]
