times_mip_split_3_3 = [424.288684304, 302.952844296, 129.999955586, 138.091398574, 102.318525238, 472.079144118, 150.609693138, 111.601956407, 82.908572807, 79.26315183, 263.358163139, 152.054058017, 92.254121587, 68.601233379, 78.487762711, 158.754675963, 99.952064749, 77.246692206, 67.854872566, 126.680762193, 111.904573908, 67.731174274, 93.458238416, 106.540059209, 316.683723106]
times_mip_split_5_5 = [73.095871271, 55.52063861, 46.410269866, 43.895199893, 41.584458842, 74.406658284, 53.157725688, 44.061153443, 46.199463263, 44.460653984, 58.345222973, 50.303887876, 50.714114649, 45.020869909, 52.965528438, 57.478521726, 53.709752915, 53.257212642, 61.53939121, 92.643699234, 79.056343212, 72.085427596, 72.07314394, 83.889479582, 113.696717661]
times_mip_split_10_10 = [155.155357322, 122.058087322, 109.884020445, 115.19556163, 117.232343445, 131.407267433, 112.22393855, 114.975899091, 112.302092403, 115.366909964, 102.413076353, 107.655101763, 111.250393979, 108.45273462, 120.812167279, 100.314022128, 105.819377503, 95.058834601, 108.001588513, 133.280726359, 102.477718179, 86.750164813, 105.318191019, 116.964740483, 134.531188676]
times_mip_split_15_15 = [228.627352051, 189.4522104, 177.589550975, 168.986161207, 176.089696621, 191.398991564, 175.368988879, 173.096501538, 168.217995106, 185.008188368, 169.320656085, 166.868131673, 170.352282521, 171.128841828, 180.558500643, 155.4121563, 167.710658564, 154.909870668, 171.187641411, 193.833632272, 152.999531744, 151.942066618, 164.466961194, 177.885923874, 216.008028246]
times_priority_1 = [2.281751601, 0.420091087, 0.212837288, 0.414065284, 0.916138088, 0.439943675, 0.233887335, 0.379458049, 0.586779607, 0.650981608, 0.3291921, 0.328513949, 0.423377304, 0.585863052, 0.222141167, 0.326734903, 0.480968997, 0.4620633, 0.288564052, 0.212490121, 0.364050864, 0.208140442, 0.236169442, 0.228129711, 0.308603389]
times_priority_2 = [2.195526225, 0.37840066, 0.301629766, 0.426789349, 1.050657711, 0.510197702, 0.321883726, 0.370532133, 0.74645765, 0.725464441, 0.36834168, 0.422447603, 0.462129253, 0.673442954, 0.225410024, 0.488337372, 0.429149495, 0.650699159, 0.319573727, 0.324225246, 0.619491858, 0.401346451, 0.425041879, 0.474174848, 0.408633201]
times_priority_3 = [2.248765341, 0.707999711, 0.395435805, 0.773055272, 1.49406842, 0.688298131, 0.404168541, 0.538887845, 0.954354809, 1.086548188, 0.5592679, 0.614718473, 0.69362129, 0.944881432, 0.306414338, 0.634047658, 0.622123174, 0.720213142, 0.362427058, 0.317186814, 0.640630142, 0.400559659, 0.393371599, 0.340216502, 0.436529609]
times_priority_4 = [3.104141842, 0.626001067, 0.47142376, 0.614894069, 1.672008801, 0.6727789, 0.422277261, 0.580779967, 0.954988343, 1.00501506, 0.562932024, 0.552238833, 0.661954756, 0.935825107, 0.300460039, 0.586616702, 0.622157428, 0.668565597, 0.3560257, 0.327980049, 0.620478273, 0.329181452, 0.364916333, 0.424126558, 0.46784311]
